sample ID, execution time,W 5A probe , W 30A probe
2,  934,  71.490,  95.071
3,  1456,  69.750,  96.547
4,  1979,  69.695,  158.567
5,  2503,  68.848,  113.063
6,  3027,  68.209,  115.733
7,  3550,  68.641,  132.986
8,  4072,  69.078,  129.610
9,  4595,  68.118,  104.748
10,  5119,  67.596,  97.441
11,  5642,  69.354,  104.010
12,  6165,  70.048,  178.412
13,  6689,  69.459,  102.823
14,  7212,  67.774,  112.752
15,  7735,  69.136,  102.391
16,  8258,  72.077,  307.059
17,  8782,  69.631,  405.181
18,  9308,  69.243,  165.408
19,  9830,  71.381,  137.965
20,  10355,  69.855,  159.273
21,  10879,  71.136,  226.273
22,  11401,  70.727,  118.773
23,  11925,  70.525,  254.594
24,  12449,  70.503,  216.514
25,  12973,  71.937,  162.133
26,  13496,  71.496,  180.435
27,  14019,  72.613,  135.806
28,  14544,  70.709,  147.623
29,  15067,  70.569,  163.651
30,  15590,  71.975,  142.680
31,  16114,  70.737,  100.555
32,  16638,  68.730,  101.794
33,  17161,  69.332,  95.004
34,  17684,  70.837,  96.113
35,  18211,  69.344,  110.193
36,  18733,  67.540,  99.849
37,  19256,  69.494,  95.946
38,  19779,  71.628,  93.676
39,  20304,  69.671,  98.819
40,  20827,  69.193,  100.970
41,  21350,  71.918,  101.888
42,  21874,  68.732,  97.251
43,  22398,  67.612,  99.237
44,  22921,  69.143,  100.842
45,  23444,  66.679,  97.077
46,  23968,  67.035,  98.884
47,  24492,  65.493,  93.745
48,  25015,  67.357,  95.240
49,  25538,  67.996,  97.342
50,  26063,  68.796,  98.787
51,  26586,  69.391,  97.704
52,  27111,  67.045,  102.014
53,  27635,  66.207,  99.562
54,  28159,  65.783,  96.180
55,  28682,  65.713,  98.945
56,  29205,  68.016,  99.075
57,  29729,  69.968,  97.907
58,  30253,  67.324,  98.718
59,  30776,  67.563,  94.563
60,  31299,  67.662,  97.999
61,  31824,  65.085,  97.809
62,  32347,  67.305,  101.951
63,  32870,  68.155,  100.300
64,  33394,  69.516,  100.012
65,  33918,  67.210,  98.945
66,  34441,  67.923,  101.033
67,  34964,  68.919,  95.845
68,  35488,  66.846,  96.257
69,  36014,  66.557,  91.701
70,  36537,  67.710,  90.892
71,  37061,  68.957,  92.420
72,  37585,  66.727,  99.334
73,  38108,  66.674,  102.611
74,  38631,  68.514,  96.180
75,  39155,  69.037,  99.723
76,  39679,  65.983,  98.359
77,  40202,  67.518,  91.209
78,  40725,  67.812,  95.812
79,  41249,  66.857,  93.522
80,  41772,  66.798,  96.347
81,  42295,  67.914,  95.308
82,  42818,  68.632,  99.689
83,  43342,  65.960,  101.604
84,  43865,  68.569,  137.007
85,  44388,  67.313,  119.957
86,  44915,  66.688,  111.465
87,  45439,  65.596,  124.787
88,  45962,  65.657,  97.967
89,  46484,  66.812,  97.144
90,  47009,  67.058,  96.523
91,  47533,  64.500,  97.375
92,  48055,  65.074,  96.978
93,  48578,  67.766,  97.901
94,  49103,  67.877,  94.239
95,  49626,  68.684,  95.105
96,  50149,  67.037,  93.195
97,  50674,  67.406,  93.007
98,  51197,  66.508,  94.325
99,  51720,  65.629,  108.217
100,  52243,  68.384,  98.718
101,  52766,  68.093,  105.238
102,  53288,  67.315,  95.341
103,  53811,  65.713,  97.572
104,  54334,  65.961,  100.938
105,  54857,  67.590,  96.247
106,  55381,  67.619,  97.044
107,  55904,  65.499,  90.218
108,  56427,  68.412,  92.364
109,  56952,  67.496,  101.538
110,  57475,  65.686,  93.745
111,  57998,  68.100,  114.083
112,  58521,  68.130,  102.266
113,  59045,  65.259,  130.031
114,  59568,  68.496,  171.547
115,  60091,  65.295,  113.179
116,  60614,  66.015,  119.070
117,  61137,  68.828,  102.428
118,  61660,  66.586,  97.276
sample ID, execution time,W 5A probe , W 30A probe
2,  525,  66.828,  98.978
3,  1048,  67.686,  104.932
4,  1572,  66.355,  96.680
5,  2095,  67.185,  102.892
6,  2618,  69.003,  99.140
7,  3142,  66.941,  104.339
8,  3666,  69.887,  100.107
9,  4188,  68.858,  154.712
10,  4711,  66.978,  108.454
11,  5234,  68.120,  111.665
12,  5758,  69.187,  129.610
13,  6281,  69.988,  160.960
14,  6804,  70.218,  101.762
15,  7328,  69.549,  113.966
16,  7852,  67.747,  102.140
17,  8376,  70.490,  363.482
18,  8898,  72.502,  406.738
19,  9424,  68.118,  147.840
20,  9947,  70.454,  137.522
21,  10470,  68.805,  141.369
22,  10994,  69.167,  220.938
23,  11518,  69.273,  164.141
24,  12042,  67.369,  245.356
25,  12565,  68.549,  231.007
26,  13089,  67.512,  166.972
27,  13613,  69.527,  186.596
28,  14136,  68.254,  133.877
29,  14659,  68.500,  160.720
30,  15185,  71.055,  186.324
31,  15708,  68.130,  116.314
32,  16231,  69.508,  137.241
33,  16754,  69.570,  104.656
34,  17280,  66.603,  105.543
35,  17804,  66.797,  105.755
36,  18327,  69.318,  113.689
37,  18852,  67.577,  114.890
38,  19375,  70.426,  108.927
39,  19898,  67.505,  105.116
40,  20423,  68.640,  103.754
41,  20947,  68.288,  111.521
42,  21470,  66.318,  103.762
43,  21992,  68.579,  107.580
44,  22515,  66.918,  108.158
45,  23039,  69.314,  99.269
46,  23562,  69.594,  104.840
47,  24086,  69.662,  107.113
48,  24610,  67.891,  106.497
49,  25134,  67.170,  102.297
50,  25660,  69.448,  101.065
51,  26184,  69.288,  104.001
52,  26708,  68.621,  102.297
53,  27231,  68.194,  98.913
54,  27755,  69.278,  100.874
55,  28279,  68.229,  103.010
56,  28803,  68.795,  104.410
57,  29326,  68.169,  102.485
58,  29851,  66.965,  109.756
59,  30375,  68.002,  103.359
60,  30898,  67.443,  102.014
61,  31421,  66.876,  110.856
62,  31944,  69.354,  103.359
63,  32468,  67.722,  104.257
64,  32996,  69.504,  113.037
65,  33520,  67.943,  100.746
66,  34044,  67.969,  104.071
67,  34570,  68.209,  106.028
68,  35093,  68.358,  127.637
69,  35618,  68.725,  102.730
70,  36142,  66.142,  116.369
71,  36665,  67.583,  110.246
72,  37188,  67.252,  107.473
73,  37714,  69.321,  104.370
74,  38237,  66.524,  102.266
75,  38760,  67.779,  91.420
76,  39284,  67.387,  98.462
77,  39808,  66.586,  108.750
78,  40331,  66.531,  100.332
79,  40855,  68.207,  108.188
80,  41380,  66.596,  103.259
81,  41903,  65.983,  106.963
82,  42425,  66.759,  102.867
83,  42948,  67.101,  99.689
84,  43475,  66.502,  96.547
85,  43998,  66.012,  144.403
86,  44521,  68.142,  108.691
87,  45045,  66.695,  120.870
88,  45569,  67.571,  105.968
89,  46092,  66.490,  108.750
90,  46616,  66.836,  105.634
91,  47141,  68.156,  102.574
92,  47664,  68.167,  104.164
93,  48187,  65.491,  105.603
94,  48712,  66.668,  107.545
95,  49236,  67.718,  103.979
96,  49759,  65.323,  104.564
97,  50282,  66.213,  103.017
98,  50806,  67.002,  101.222
99,  51331,  66.205,  99.560
100,  51856,  66.282,  102.954
101,  52380,  65.872,  104.093
102,  52905,  69.290,  102.360
103,  53428,  68.126,  93.710
104,  53951,  67.829,  98.065
105,  54474,  65.815,  95.845
106,  54998,  68.493,  94.121
107,  55521,  65.262,  98.588
108,  56044,  67.440,  104.071
109,  56570,  65.694,  98.332
110,  57093,  66.242,  106.089
111,  57616,  67.502,  109.398
112,  58141,  65.797,  97.448
113,  58665,  68.721,  185.353
114,  59187,  66.297,  127.826
115,  59710,  64.755,  100.523
116,  60237,  65.663,  103.939
117,  60761,  68.395,  104.349
118,  61284,  65.552,  104.810
sample ID, execution time,W 5A probe , W 30A probe
2,  526,  68.139,  101.414
3,  1049,  66.084,  109.280
4,  1574,  67.394,  108.700
5,  2098,  69.438,  234.991
6,  2621,  68.446,  184.467
7,  3144,  67.026,  152.790
8,  3667,  65.973,  199.765
9,  4191,  68.172,  161.159
10,  4714,  68.241,  224.219
11,  5238,  68.857,  149.990
12,  5762,  69.628,  171.628
13,  6286,  67.257,  182.119
14,  6808,  68.352,  424.086
15,  7335,  68.338,  444.096
16,  7859,  69.085,  191.187
17,  8382,  67.362,  180.168
18,  8904,  68.411,  197.867
19,  9428,  68.981,  219.527
20,  9952,  68.457,  234.608
21,  10475,  67.811,  181.199
22,  10998,  68.194,  188.293
23,  11524,  66.463,  181.039
24,  12047,  67.860,  217.707
25,  12570,  67.436,  214.870
26,  13094,  68.372,  158.588
27,  13618,  66.812,  102.485
28,  14141,  65.756,  101.033
29,  14664,  67.016,  109.075
30,  15187,  66.557,  108.098
31,  15711,  66.982,  125.863
32,  16236,  66.394,  102.391
33,  16759,  67.602,  111.088
34,  17285,  65.423,  104.431
35,  17808,  64.503,  112.695
36,  18331,  66.640,  102.046
37,  18855,  66.323,  106.737
38,  19379,  67.928,  104.071
39,  19902,  66.745,  100.683
40,  20425,  67.776,  104.963
41,  20948,  64.797,  112.895
42,  21472,  66.980,  96.280
43,  21995,  66.439,  111.001
44,  22518,  66.361,  102.736
45,  23044,  66.374,  105.073
46,  23567,  66.494,  102.266
47,  24090,  66.897,  104.779
48,  24615,  64.958,  108.662
49,  25139,  68.957,  103.731
50,  25662,  66.115,  106.421
51,  26186,  67.117,  134.427
52,  26710,  67.071,  110.164
53,  27234,  65.312,  103.048
54,  27757,  68.172,  108.602
55,  28280,  71.717,  116.480
56,  28806,  68.084,  110.396
57,  29329,  68.067,  103.328
58,  29852,  65.065,  102.861
59,  30375,  65.516,  95.105
60,  30899,  64.380,  103.948
61,  31422,  67.153,  101.509
62,  31946,  64.331,  114.449
63,  32470,  69.499,  107.366
64,  32994,  66.989,  106.119
65,  33520,  67.303,  105.907
66,  34044,  66.604,  104.554
67,  34568,  68.282,  99.947
68,  35092,  65.297,  104.257
69,  35615,  65.669,  100.235
70,  36139,  66.013,  103.538
71,  36663,  65.147,  101.857
72,  37187,  67.103,  96.845
73,  37710,  63.198,  109.925
74,  38234,  64.995,  103.452
75,  38757,  65.567,  100.043
76,  39280,  64.658,  102.923
77,  39805,  64.278,  99.175
78,  40329,  66.259,  100.300
79,  40852,  66.488,  106.693
80,  41375,  66.972,  103.141
81,  41903,  66.557,  103.321
82,  42426,  65.891,  106.149
83,  42949,  66.016,  111.146
84,  43474,  66.707,  102.667
85,  43998,  68.725,  101.382
86,  44521,  67.518,  105.695
87,  45044,  68.740,  101.319
88,  45568,  66.972,  107.157
89,  46093,  68.378,  103.173
90,  46616,  65.788,  104.410
91,  47139,  67.428,  111.377
92,  47665,  68.576,  110.599
93,  48188,  70.725,  111.607
94,  48711,  67.256,  113.151
95,  49234,  68.066,  99.463
96,  49758,  66.199,  104.380
97,  50281,  67.210,  99.463
98,  50807,  68.630,  101.541
99,  51330,  65.911,  105.998
100,  51854,  65.265,  96.180
sample ID, execution time,W 5A probe , W 30A probe
2,  526,  68.441,  103.173
3,  1050,  67.354,  102.792
4,  1574,  67.110,  111.578
5,  2097,  67.542,  113.745
6,  2620,  66.481,  105.421
7,  3146,  65.401,  123.751
8,  3669,  67.551,  167.166
9,  4192,  66.042,  100.300
10,  4716,  65.004,  113.713
11,  5240,  66.897,  136.514
12,  5764,  67.870,  434.491
13,  6287,  68.342,  297.981
14,  6813,  68.256,  159.456
15,  7337,  66.484,  197.387
16,  7860,  67.675,  126.981
17,  8383,  68.491,  245.054
18,  8909,  68.388,  201.667
19,  9432,  67.444,  172.871
20,  9955,  66.998,  165.951
21,  10479,  67.910,  110.831
22,  11003,  66.132,  174.001
23,  11526,  67.102,  174.701
24,  12050,  67.322,  132.696
25,  12575,  66.862,  113.854
26,  13098,  65.381,  104.901
27,  13621,  67.569,  102.329
28,  14146,  69.132,  109.931
29,  14670,  67.706,  125.121
30,  15193,  67.845,  105.238
31,  15719,  66.306,  110.508
32,  16244,  67.579,  109.552
33,  16767,  66.564,  106.059
34,  17290,  67.025,  108.750
35,  17815,  68.004,  106.647
36,  18339,  65.823,  105.846
37,  18862,  67.296,  105.482
38,  19385,  65.972,  107.233
39,  19909,  65.948,  104.799
40,  20434,  67.985,  103.141
41,  20957,  66.556,  102.360
42,  21480,  66.457,  102.548
43,  22005,  65.274,  100.204
44,  22528,  65.912,  106.512
45,  23051,  67.598,  105.054
46,  23576,  66.886,  110.975
47,  24100,  68.338,  100.842
48,  24625,  67.460,  104.932
49,  25149,  66.691,  102.485
50,  25674,  68.136,  106.346
51,  26197,  65.452,  106.993
52,  26720,  65.652,  110.711
53,  27243,  68.462,  104.503
54,  27767,  68.351,  101.224
55,  28294,  67.257,  111.261
56,  28818,  66.848,  110.595
57,  29343,  67.531,  94.375
58,  29866,  66.608,  94.427
59,  30389,  66.112,  102.736
60,  30913,  68.055,  100.491
61,  31437,  69.572,  103.421
62,  31960,  65.337,  103.669
63,  32483,  64.267,  94.189
64,  33010,  65.568,  101.127
65,  33534,  65.693,  95.409
66,  34057,  64.978,  95.206
67,  34579,  64.886,  96.046
68,  35104,  65.540,  100.491
69,  35627,  66.279,  101.762
70,  36149,  66.053,  101.766
71,  36673,  64.187,  93.899
72,  37197,  66.345,  112.923
73,  37720,  65.394,  98.229
74,  38243,  66.065,  101.382
75,  38767,  66.081,  101.317
76,  39291,  65.176,  146.720
77,  39813,  65.809,  102.329
78,  40336,  65.143,  96.812
79,  40859,  63.962,  90.927
80,  41383,  63.621,  93.091
81,  41908,  63.427,  90.573
sample ID, execution time,W 5A probe , W 30A probe
2,  525,  65.394,  102.611
3,  1048,  66.110,  102.423
4,  1572,  65.508,  97.770
5,  2095,  65.572,  108.780
6,  2618,  66.719,  128.340
7,  3141,  65.247,  101.572
8,  3665,  66.379,  177.002
9,  4188,  65.766,  95.543
10,  4711,  67.194,  95.543
11,  5236,  66.432,  105.256
12,  5758,  68.745,  386.071
13,  6280,  67.313,  360.877
14,  6803,  66.980,  126.067
15,  7327,  66.177,  205.722
16,  7850,  64.031,  105.482
17,  8375,  66.777,  240.343
18,  8898,  65.899,  218.546
19,  9422,  65.927,  136.937
20,  9945,  65.180,  185.803
21,  10468,  66.549,  140.708
22,  10991,  67.081,  100.874
23,  11515,  65.386,  173.835
24,  12038,  65.347,  173.168
25,  12561,  65.918,  136.514
26,  13085,  65.886,  100.043
27,  13608,  66.549,  102.579
28,  14131,  65.469,  99.528
29,  14655,  65.464,  100.236
30,  15178,  65.448,  101.067
31,  15701,  66.916,  96.413
32,  16224,  65.885,  115.538
33,  16748,  64.579,  100.395
34,  17274,  65.918,  106.301
35,  17797,  66.777,  104.410
36,  18320,  66.265,  91.561
37,  18846,  64.659,  104.768
38,  19369,  65.491,  104.901
39,  19892,  65.703,  99.463
40,  20416,  65.836,  94.443
41,  20940,  67.856,  96.779
42,  21463,  66.258,  96.180
43,  21985,  65.204,  101.699
44,  22510,  66.184,  102.948
45,  23034,  66.960,  101.256
46,  23557,  67.861,  94.291
47,  24080,  63.701,  97.999
48,  24605,  65.629,  99.014
49,  25128,  66.422,  93.607
50,  25653,  65.533,  92.225
51,  26177,  64.790,  99.305
52,  26701,  65.321,  99.075
53,  27223,  64.826,  97.036
54,  27746,  65.445,  98.294
55,  28270,  65.675,  95.589
56,  28794,  65.118,  98.913
57,  29317,  63.930,  94.597
58,  29840,  64.784,  105.451
59,  30364,  66.173,  96.580
60,  30887,  66.306,  93.916
61,  31410,  64.208,  95.038
62,  31934,  64.415,  95.891
63,  32458,  63.134,  92.329
64,  32981,  63.184,  94.902
65,  33504,  64.800,  94.495
66,  34028,  63.217,  89.245
67,  34550,  62.308,  86.954
68,  35073,  65.671,  88.347
69,  35596,  64.066,  87.028
70,  36120,  62.901,  90.846
71,  36643,  62.620,  91.701
72,  37166,  65.144,  90.927
73,  37689,  64.006,  90.218
74,  38213,  63.006,  95.153
75,  38737,  62.628,  89.932
76,  39260,  61.230,  91.244
77,  39783,  64.528,  99.721
78,  40307,  65.783,  93.436
79,  40830,  64.199,  95.004
80,  41353,  62.959,  93.091
81,  41877,  65.206,  95.589
82,  42401,  65.569,  143.891
83,  42924,  63.554,  104.257
84,  43445,  65.713,  91.455
85,  43969,  65.168,  96.091
86,  44493,  65.491,  97.803
87,  45016,  63.470,  98.555
88,  45539,  64.212,  93.642
sample ID, execution time,W 5A probe , W 30A probe
2,  525,  66.808,  91.455
3,  1048,  66.500,  94.631
4,  1572,  65.439,  119.403
5,  2096,  63.562,  105.816
6,  2619,  64.831,  96.247
7,  3142,  65.694,  173.317
8,  3666,  66.211,  99.111
9,  4190,  64.253,  95.610
10,  4713,  64.084,  107.682
11,  5235,  65.695,  159.677
12,  5761,  67.868,  431.361
13,  6286,  66.675,  264.640
14,  6809,  66.468,  137.031
15,  7332,  66.973,  216.420
16,  7856,  65.070,  119.178
17,  8379,  67.586,  276.372
18,  8902,  66.756,  202.337
19,  9426,  66.894,  176.886
20,  9950,  66.610,  160.620
21,  10473,  65.284,  139.723
22,  10996,  66.788,  176.657
23,  11521,  66.811,  154.909
24,  12044,  64.235,  105.146
25,  12567,  63.733,  98.196
26,  13091,  63.582,  95.623
27,  13615,  64.341,  96.680
28,  14138,  66.852,  108.514
29,  14661,  63.571,  99.205
30,  15187,  64.941,  98.201
31,  15711,  64.216,  101.097
32,  16234,  66.702,  97.276
33,  16757,  66.142,  101.129
34,  17281,  64.201,  93.057
35,  17804,  65.206,  90.644
36,  18327,  66.043,  92.190
37,  18850,  65.517,  95.004
38,  19374,  64.560,  94.359
39,  19896,  67.083,  91.713
40,  20419,  66.506,  99.108
41,  20942,  64.771,  92.503
42,  21466,  66.283,  91.561
43,  21989,  65.926,  95.979
44,  22511,  64.470,  218.590
45,  23034,  66.689,  91.350
46,  23558,  66.285,  94.597
47,  24084,  65.839,  101.509
48,  24607,  64.590,  96.347
49,  25133,  64.629,  94.103
50,  25656,  66.997,  98.978
51,  26179,  66.285,  95.946
52,  26702,  66.345,  96.746
53,  27226,  63.939,  94.052
54,  27749,  64.662,  93.401
55,  28272,  65.194,  104.102
56,  28797,  64.950,  94.239
57,  29321,  66.332,  97.770
58,  29844,  66.018,  98.032
59,  30369,  67.750,  95.589
60,  30893,  64.013,  99.786
61,  31416,  65.671,  94.631
62,  31939,  64.593,  97.342
63,  32463,  65.222,  101.032
64,  32990,  64.655,  97.835
65,  33513,  63.721,  97.011
66,  34036,  66.610,  93.607
67,  34560,  65.533,  94.529
68,  35083,  64.649,  108.454
69,  35607,  66.670,  102.234
70,  36131,  65.495,  95.723
71,  36655,  66.190,  160.340
72,  37178,  64.024,  137.662
73,  37702,  66.269,  94.970
74,  38226,  65.485,  95.354
75,  38750,  65.676,  94.868
76,  39273,  66.914,  95.476
77,  39798,  66.966,  93.625
78,  40322,  64.937,  96.480
sample ID, execution time,W 5A probe , W 30A probe
2,  528,  66.954,  95.261
3,  1051,  64.868,  92.815
4,  1575,  63.543,  93.967
5,  2099,  65.908,  94.087
6,  2622,  65.289,  121.738
7,  3146,  67.602,  105.207
8,  3670,  67.530,  180.277
9,  4194,  62.744,  98.653
10,  4717,  63.489,  98.978
11,  5240,  64.171,  95.341
12,  5766,  66.263,  108.818
13,  6289,  68.121,  411.810
14,  6813,  69.449,  334.485
15,  7337,  66.453,  212.029
16,  7861,  64.212,  111.665
17,  8384,  66.789,  246.283
18,  8908,  67.629,  231.021
19,  9432,  66.400,  150.907
20,  9959,  65.115,  180.293
21,  10482,  64.864,  104.318
22,  11005,  63.954,  105.116
23,  11530,  65.441,  176.312
24,  12053,  65.820,  162.034
25,  12576,  64.944,  130.966
26,  13101,  64.611,  96.954
27,  13625,  65.307,  99.786
28,  14148,  65.129,  104.595
29,  14673,  65.389,  108.582
30,  15197,  65.237,  98.978
31,  15720,  65.863,  104.010
32,  16243,  65.637,  95.778
33,  16768,  64.853,  101.063
34,  17292,  67.545,  102.642
35,  17815,  65.909,  96.746
36,  18339,  65.307,  95.778
37,  18865,  64.187,  93.642
38,  19388,  63.732,  98.685
39,  19911,  64.769,  96.613
40,  20436,  63.459,  98.917
41,  20960,  65.152,  97.011
42,  21482,  66.716,  94.990
43,  22005,  65.896,  88.637
44,  22530,  67.034,  99.401
45,  23054,  64.071,  98.490
46,  23577,  65.523,  96.180
47,  24100,  63.000,  98.392
48,  24624,  65.714,  101.002
49,  25147,  65.491,  97.441
50,  25671,  66.552,  102.077
51,  26195,  64.374,  100.523
52,  26719,  64.038,  93.195
53,  27245,  64.202,  97.999
54,  27768,  63.495,  94.018
55,  28291,  66.073,  100.203
56,  28815,  64.852,  98.032
57,  29339,  64.754,  96.280
58,  29863,  62.939,  100.364
59,  30386,  66.162,  99.234
60,  30909,  63.749,  99.850
61,  31432,  65.386,  94.869
62,  31957,  64.805,  94.917
63,  32481,  64.471,  95.711
64,  33004,  64.467,  96.347
65,  33526,  66.098,  98.583
66,  34049,  63.536,  92.607
67,  34573,  64.798,  104.041
68,  35097,  64.743,  93.436
69,  35620,  63.236,  97.011
70,  36148,  65.932,  95.790
71,  36671,  65.423,  121.289
72,  37194,  67.317,  160.200
73,  37717,  63.072,  94.393
74,  38241,  64.595,  96.113
75,  38764,  64.403,  92.190
76,  39287,  64.569,  95.610
77,  39813,  64.239,  96.091
sample ID, execution time,W 5A probe , W 30A probe
2,  526,  65.740,  92.085
3,  1050,  66.087,  96.755
4,  1574,  64.328,  93.642
5,  2097,  63.361,  97.770
6,  2619,  66.222,  123.573
7,  3142,  66.944,  101.825
8,  3666,  64.995,  172.648
9,  4190,  66.230,  100.203
10,  4715,  66.074,  100.523
11,  5239,  65.150,  95.274
12,  5763,  65.995,  267.765
13,  6285,  69.374,  443.382
14,  6808,  66.537,  201.111
15,  7333,  65.793,  142.568
16,  7856,  66.924,  143.869
17,  8378,  65.829,  141.845
18,  8901,  68.351,  222.075
19,  9426,  67.033,  182.981
20,  9949,  67.866,  232.739
21,  10471,  66.045,  168.511
22,  10996,  68.115,  179.743
23,  11520,  65.820,  135.142
24,  12043,  65.728,  146.961
25,  12568,  68.111,  183.343
26,  13092,  67.438,  146.589
27,  13618,  67.497,  102.485
28,  14141,  66.527,  102.454
29,  14664,  68.108,  97.638
30,  15188,  66.701,  101.224
31,  15712,  66.126,  113.830
32,  16235,  67.670,  99.528
33,  16759,  66.468,  102.892
34,  17283,  67.422,  100.171
35,  17806,  65.067,  101.478
36,  18329,  65.423,  100.043
37,  18853,  64.522,  99.366
38,  19377,  64.764,  94.665
39,  19900,  65.934,  103.235
40,  20423,  64.652,  100.811
41,  20947,  65.535,  101.730
42,  21471,  65.618,  107.711
43,  21994,  65.146,  93.882
44,  22521,  66.146,  103.110
45,  23043,  65.783,  101.480
46,  23566,  65.166,  100.428
47,  24091,  66.151,  95.254
48,  24615,  63.803,  101.857
49,  25138,  66.259,  94.393
50,  25662,  64.513,  100.938
51,  26186,  65.836,  116.414
52,  26711,  66.437,  100.460
53,  27234,  64.853,  122.081
54,  27757,  65.847,  101.224
55,  28282,  65.686,  101.730
56,  28805,  66.046,  98.880
57,  29327,  66.930,  97.235
58,  29850,  65.443,  100.235
59,  30375,  66.251,  97.342
60,  30900,  66.230,  99.754
61,  31423,  65.916,  94.699
62,  31949,  66.257,  101.443
63,  32471,  65.930,  100.844
64,  32994,  66.846,  102.705
65,  33519,  66.031,  100.650
66,  34043,  66.976,  95.308
67,  34566,  66.643,  100.171
68,  35090,  67.981,  98.945
69,  35613,  66.305,  100.043
70,  36137,  65.930,  97.770
71,  36661,  64.429,  93.126
72,  37184,  64.652,  97.539
73,  37709,  64.199,  98.038
74,  38232,  65.443,  110.914
75,  38756,  65.476,  98.392
76,  39280,  64.113,  96.091
77,  39807,  63.628,  96.146
78,  40330,  64.571,  99.528
79,  40853,  63.590,  96.945
80,  41377,  64.284,  92.050
81,  41900,  63.422,  92.468
82,  42423,  64.506,  95.341
83,  42948,  65.688,  95.757
84,  43472,  64.608,  96.779
85,  43995,  66.325,  92.364
86,  44518,  63.670,  94.393
87,  45043,  64.352,  94.680
88,  45567,  66.211,  102.673
89,  46089,  65.994,  103.678
90,  46611,  65.430,  102.176
91,  47134,  66.238,  102.454
92,  47658,  67.044,  97.044
93,  48182,  64.302,  102.579
94,  48709,  67.522,  100.682
95,  49233,  64.958,  94.699
96,  49757,  65.717,  105.725
97,  50280,  66.496,  94.257
98,  50803,  67.382,  95.308
99,  51327,  67.204,  92.225
100,  51851,  66.434,  97.671
101,  52374,  67.685,  102.391
102,  52898,  66.869,  95.004
103,  53421,  66.291,  93.710
104,  53945,  66.928,  97.177
105,  54468,  67.030,  93.401
106,  54991,  65.938,  99.461
107,  55515,  66.145,  103.390
108,  56038,  66.531,  99.721
109,  56561,  64.916,  92.433
110,  57086,  64.277,  99.302
111,  57612,  68.249,  104.010
112,  58135,  66.309,  100.332
113,  58659,  65.644,  95.610
114,  59183,  67.524,  104.718
115,  59706,  65.325,  177.781
116,  60231,  65.176,  99.434
117,  60755,  63.698,  92.155
118,  61278,  63.834,  88.710
119,  61801,  65.566,  91.174
120,  62327,  65.124,  88.524
sample ID, execution time,W 5A probe , W 30A probe
2,  528,  64.993,  97.744
3,  1051,  64.695,  94.767
4,  1573,  65.306,  100.364
5,  2096,  66.217,  142.793
6,  2621,  66.225,  103.700
7,  3146,  66.057,  96.547
8,  3669,  64.912,  170.288
9,  4192,  65.782,  98.522
10,  4716,  64.439,  102.266
11,  5240,  64.288,  97.077
12,  5763,  68.000,  243.885
13,  6288,  67.313,  457.409
14,  6811,  66.689,  204.547
15,  7334,  66.639,  198.377
16,  7857,  66.501,  113.576
17,  8382,  68.870,  262.079
18,  8905,  65.671,  164.571
19,  9427,  67.710,  175.457
20,  9950,  63.841,  149.797
21,  10475,  67.426,  164.747
22,  10998,  66.308,  175.105
23,  11521,  65.398,  141.073
24,  12049,  64.457,  95.857
25,  12572,  65.413,  93.847
26,  13095,  67.465,  98.359
27,  13618,  67.578,  103.700
28,  14142,  67.330,  102.611
29,  14665,  67.242,  97.934
30,  15187,  66.569,  98.550
31,  15710,  67.769,  105.846
32,  16233,  69.131,  100.844
33,  16756,  68.000,  102.673
34,  17279,  67.779,  101.256
35,  17802,  67.415,  97.967
36,  18325,  66.036,  99.946
37,  18848,  66.569,  97.309
38,  19371,  66.784,  94.427
39,  19894,  65.964,  97.077
40,  20417,  65.844,  104.729
41,  20942,  67.580,  97.044
42,  21467,  66.780,  96.888
43,  21991,  65.476,  97.539
44,  22514,  64.393,  101.224
45,  23036,  66.814,  104.575
46,  23559,  65.869,  102.861
47,  24083,  66.150,  95.577
48,  24606,  67.719,  104.195
49,  25130,  65.941,  97.572
50,  25654,  66.294,  95.957
51,  26177,  66.140,  112.267
52,  26699,  66.128,  98.354
53,  27221,  66.185,  135.291
54,  27744,  64.384,  111.780
55,  28267,  64.631,  100.042
56,  28789,  65.493,  104.019
57,  29311,  66.243,  95.024
58,  29839,  67.030,  102.511
59,  30362,  65.241,  96.046
60,  30885,  65.604,  97.243
61,  31408,  66.792,  104.779
62,  31932,  65.923,  107.741
63,  32456,  66.220,  98.229
64,  32979,  65.804,  98.880
65,  33503,  63.408,  102.761
66,  34026,  66.992,  98.746
67,  34549,  66.810,  97.803
68,  35072,  66.682,  103.979
69,  35595,  65.737,  111.923
70,  36120,  67.495,  96.779
71,  36643,  67.900,  97.835
72,  37166,  66.520,  99.657
73,  37691,  65.556,  102.480
74,  38216,  66.575,  146.688
75,  38739,  66.252,  126.753
76,  39263,  66.216,  95.321
77,  39787,  66.932,  96.413
78,  40309,  65.083,  95.632
79,  40832,  64.183,  97.044
sample ID, execution time,W 5A probe , W 30A probe
2,  526,  66.500,  94.223
3,  1050,  65.319,  130.327
4,  1573,  68.053,  169.494
5,  2095,  67.590,  189.589
6,  2618,  65.989,  113.886
7,  3142,  67.190,  98.163
8,  3664,  67.229,  103.148
9,  4186,  66.598,  103.895
10,  4709,  65.572,  200.999
11,  5232,  67.639,  469.287
12,  5758,  66.828,  221.249
13,  6280,  68.054,  140.842
14,  6803,  67.894,  227.843
15,  7328,  68.057,  213.837
16,  7851,  68.622,  228.209
17,  8374,  66.174,  206.905
18,  8898,  68.808,  179.865
19,  9421,  65.876,  175.252
20,  9945,  65.521,  101.446
21,  10469,  64.879,  149.156
22,  10993,  65.973,  181.057
23,  11515,  63.862,  147.913
24,  12038,  66.520,  105.177
25,  12561,  67.444,  98.522
26,  13085,  65.394,  100.938
27,  13608,  65.969,  112.153
28,  14131,  67.513,  108.098
29,  14659,  69.426,  113.346
30,  15181,  66.259,  111.461
31,  15703,  65.371,  100.684
32,  16226,  67.362,  98.163
33,  16750,  65.915,  104.318
34,  17273,  65.769,  107.920
35,  17797,  68.137,  97.276
36,  18321,  66.082,  96.822
37,  18845,  64.294,  99.010
38,  19367,  66.135,  109.420
39,  19889,  66.500,  101.987
40,  20412,  62.416,  101.160
41,  20935,  66.823,  97.993
42,  21458,  65.726,  97.967
43,  21981,  65.256,  95.979
44,  22504,  65.073,  102.171
45,  23029,  65.574,  97.770
46,  23554,  65.460,  102.736
47,  24077,  64.337,  97.044
48,  24601,  64.845,  118.421
49,  25125,  65.801,  91.666
50,  25648,  64.954,  94.970
51,  26172,  63.427,  105.226
52,  26696,  66.953,  97.375
53,  27219,  63.764,  99.560
54,  27742,  64.067,  102.329
55,  28268,  67.584,  102.261
56,  28791,  65.199,  90.253
57,  29314,  64.521,  105.146
58,  29837,  65.562,  94.733
59,  30361,  64.801,  103.545
60,  30885,  65.601,  99.786
61,  31408,  64.794,  104.656
62,  31934,  64.052,  92.120
63,  32458,  64.696,  109.427
64,  32981,  65.542,  95.139
65,  33503,  64.678,  98.392
66,  34029,  64.663,  94.545
67,  34552,  65.900,  97.077
68,  35075,  64.782,  98.685
69,  35599,  64.238,  96.689
70,  36123,  65.218,  90.431
71,  36646,  64.429,  97.638
72,  37169,  63.770,  92.015
73,  37693,  64.549,  95.891
74,  38217,  64.446,  102.046
75,  38740,  66.698,  105.054
76,  39262,  65.288,  102.491
77,  39785,  66.889,  94.902
78,  40308,  66.441,  157.956
79,  40833,  64.477,  131.578
80,  41358,  67.147,  97.875
81,  41882,  62.939,  98.750
82,  42405,  64.195,  98.978
83,  42927,  66.854,  100.139
84,  43450,  64.459,  96.547
sample ID, execution time,W 5A probe , W 30A probe
2,  524,  67.300,  100.971
3,  1047,  65.195,  100.811
4,  1571,  66.166,  96.845
5,  2093,  64.002,  94.241
6,  2620,  64.930,  111.722
7,  3145,  63.057,  101.916
8,  3669,  67.545,  98.620
9,  4191,  66.676,  178.279
10,  4714,  64.477,  101.825
11,  5237,  66.528,  96.613
12,  5764,  67.321,  105.146
13,  6287,  62.608,  102.705
14,  6812,  69.550,  388.954
15,  7335,  70.279,  380.814
16,  7859,  65.326,  158.324
17,  8382,  67.778,  142.342
18,  8905,  65.851,  152.453
19,  9430,  67.450,  206.641
20,  9953,  67.483,  136.420
21,  10475,  69.832,  252.546
22,  11001,  69.051,  180.685
23,  11523,  66.060,  185.988
24,  12045,  68.944,  163.033
25,  12568,  66.774,  153.775
26,  13093,  65.760,  137.101
27,  13616,  67.765,  173.779
28,  14140,  67.080,  157.857
29,  14665,  65.495,  111.434
30,  15190,  65.129,  100.715
31,  15713,  67.500,  106.421
32,  16236,  66.069,  104.626
33,  16762,  64.542,  116.990
34,  17285,  65.025,  103.608
35,  17807,  66.697,  107.280
36,  18330,  66.289,  102.517
37,  18854,  64.335,  110.217
38,  19378,  63.520,  89.503
39,  19901,  64.929,  101.857
40,  20424,  64.754,  104.226
41,  20948,  66.034,  105.755
42,  21472,  66.392,  102.767
43,  21995,  63.225,  101.319
44,  22521,  66.628,  104.031
45,  23047,  66.818,  104.595
46,  23570,  66.517,  95.375
47,  24094,  62.989,  102.292
48,  24617,  65.700,  96.236
49,  25139,  66.769,  101.671
50,  25662,  66.127,  98.196
51,  26188,  65.846,  100.140
52,  26711,  63.318,  94.597
53,  27233,  65.321,  104.204
54,  27756,  64.131,  93.710
55,  28282,  63.530,  101.916
56,  28805,  66.022,  100.043
57,  29328,  65.051,  105.024
58,  29853,  66.445,  99.143
59,  30377,  65.486,  107.711
60,  30900,  65.067,  94.018
61,  31423,  64.565,  101.256
62,  31951,  64.519,  101.821
63,  32474,  65.317,  97.144
64,  32998,  64.754,  98.065
65,  33522,  65.981,  93.591
66,  34046,  63.396,  97.671
67,  34570,  66.131,  96.313
68,  35093,  63.256,  96.513
69,  35618,  64.857,  93.076
70,  36142,  65.029,  101.033
71,  36665,  62.273,  101.192
72,  37188,  65.510,  104.041
73,  37711,  63.966,  94.786
74,  38233,  64.138,  99.591
75,  38755,  65.485,  92.343
76,  39278,  64.227,  95.240
77,  39803,  66.333,  95.004
78,  40326,  64.479,  91.279
79,  40851,  67.576,  98.718
80,  41377,  63.871,  99.046
81,  41900,  65.343,  143.623
82,  42422,  66.988,  151.271
83,  42945,  64.616,  98.229
84,  43471,  67.380,  98.136
85,  43994,  65.202,  95.240
86,  44517,  64.187,  93.229
