
muestra, tiempo ejecucion, sonda extra , sonda dut
1 ,519 ,0.28940,1.44698
2 ,1023 ,0.32386,1.61928
3 ,1527 ,0.42258,2.11292
4 ,2031 ,0.40887,2.04437
5 ,2535 ,0.49302,2.46508
6 ,3039 ,0.34189,1.70943
7 ,3543 ,0.30682,1.53410
8 ,4047 ,0.32861,1.64307
9 ,4551 ,0.29969,1.49845
10 ,5055 ,0.39660,1.98302
11 ,5559 ,0.62555,3.12776
12 ,6064 ,0.44154,2.20770
13 ,6569 ,0.36453,1.82265
14 ,7073 ,0.29443,1.47216
15 ,7577 ,0.35729,1.78644
16 ,8081 ,0.60840,3.04199
17 ,8585 ,0.54554,2.72771
18 ,9089 ,0.59781,2.98905
19 ,9597 ,0.55209,2.76045
20 ,10101 ,0.55049,2.75244
21 ,10605 ,0.62154,3.10772
22 ,11109 ,0.46697,2.33486
23 ,11614 ,0.46259,2.31294
24 ,12118 ,0.37046,1.85232
25 ,12622 ,0.53277,2.66385
26 ,13128 ,0.65514,3.27572
27 ,13633 ,0.61711,3.08554
28 ,14137 ,0.54010,2.70047
29 ,14641 ,0.43049,2.15243
30 ,15147 ,0.41294,2.06468
31 ,15651 ,0.40687,2.03435
32 ,16155 ,0.39416,1.97081
33 ,16659 ,0.40963,2.04813
34 ,17163 ,0.42653,2.13264
35 ,17668 ,0.39670,1.98348
36 ,18173 ,0.41000,2.05000
37 ,18679 ,0.37557,1.87784
38 ,19183 ,0.37175,1.85874
39 ,19688 ,0.37726,1.88629
40 ,20192 ,0.37181,1.85906
41 ,20696 ,0.37303,1.86513
42 ,21200 ,0.36067,1.80334
43 ,21704 ,0.36868,1.84341
44 ,22209 ,0.36223,1.81116
45 ,22713 ,0.36280,1.81398
46 ,23217 ,0.36110,1.80548
47 ,23722 ,0.38945,1.94726
48 ,24227 ,0.37463,1.87314
49 ,24731 ,0.28360,1.41800
50 ,25235 ,0.39379,1.96893
51 ,25739 ,0.38728,1.93638
52 ,26244 ,0.31581,1.57907
53 ,26749 ,0.33811,1.69056
54 ,27253 ,0.38609,1.93043
55 ,27759 ,0.39473,1.97363
56 ,28263 ,0.39980,1.99898
57 ,28768 ,0.31271,1.56356
58 ,29272 ,0.38002,1.90010
59 ,29776 ,0.37056,1.85280
60 ,30280 ,0.31140,1.55699
61 ,30785 ,0.33450,1.67249
62 ,31289 ,0.34596,1.72978
63 ,31793 ,0.30951,1.54753
64 ,32299 ,0.29951,1.49757
65 ,32803 ,0.24660,1.23301
66 ,33307 ,0.23984,1.19920
67 ,33812 ,0.25537,1.27683
68 ,34316 ,0.27246,1.36229
69 ,34820 ,0.22819,1.14094
70 ,35326 ,0.22756,1.13781
71 ,35830 ,0.22281,1.11406
72 ,36335 ,0.22281,1.11406
73 ,36839 ,0.22625,1.13127
74 ,37346 ,0.22431,1.12157
75 ,37850 ,0.22894,1.14468
76 ,38356 ,0.22344,1.11720
77 ,38860 ,0.23790,1.18950
78 ,39364 ,0.22582,1.12908
79 ,39869 ,0.22870,1.14348
80 ,40373 ,0.23139,1.15694
81 ,40878 ,0.23131,1.15655
82 ,41382 ,0.22801,1.14004
83 ,41886 ,0.23352,1.16759
84 ,42391 ,0.22838,1.14192
85 ,42895 ,0.22757,1.13785
86 ,43401 ,0.23568,1.17841
87 ,43905 ,0.22944,1.14718
88 ,44409 ,0.24516,1.22581
89 ,44914 ,0.38352,1.91760
90 ,45418 ,0.59093,2.95465
91 ,45922 ,0.51587,2.57933
92 ,46428 ,0.59837,2.99185
93 ,46934 ,0.52055,2.60275

muestra, tiempo ejecucion, sonda extra , sonda dut
1 ,504 ,0.33982,1.69910
2 ,1008 ,0.34627,1.73134
3 ,1512 ,0.32022,1.60112
4 ,2016 ,0.26620,1.33098
5 ,2521 ,0.36797,1.83983
6 ,3026 ,0.33736,1.68681
7 ,3530 ,0.31058,1.55292
8 ,4034 ,0.26175,1.30876
9 ,4538 ,0.35215,1.76077
10 ,5042 ,0.34088,1.70442
11 ,5546 ,0.64615,3.23075
12 ,6050 ,0.50022,2.50108
13 ,6554 ,0.39041,1.95203
14 ,7058 ,0.33963,1.69816
15 ,7562 ,0.34796,1.73979
16 ,8070 ,0.41400,2.06999
17 ,8574 ,0.65202,3.26011
18 ,9078 ,0.56038,2.80189
19 ,9582 ,0.53765,2.68827
20 ,10086 ,0.56038,2.80189
21 ,10591 ,0.73821,3.69106
22 ,11095 ,0.62910,3.14550
23 ,11600 ,0.57333,2.86663
24 ,12104 ,0.55813,2.79063
25 ,12608 ,0.57684,2.88422
26 ,13112 ,0.68960,3.44798
27 ,13616 ,0.74431,3.72157
28 ,14120 ,0.63734,3.18672
29 ,14624 ,0.59343,2.96717
30 ,15128 ,0.42553,2.12763
31 ,15632 ,0.41701,2.08506
32 ,16136 ,0.45971,2.29855
33 ,16640 ,0.48963,2.44816
34 ,17145 ,0.46653,2.33267
35 ,17651 ,0.38602,1.93012
36 ,18155 ,0.38527,1.92636
37 ,18660 ,0.38502,1.92511
38 ,19164 ,0.38540,1.92699
39 ,19668 ,0.38408,1.92040
40 ,20172 ,0.36179,1.80897
41 ,20676 ,0.36392,1.81962
42 ,21182 ,0.36753,1.83764
43 ,21686 ,0.36280,1.81398
44 ,22190 ,0.37196,1.85982
45 ,22696 ,0.37727,1.88636
46 ,23200 ,0.37156,1.85781
47 ,23704 ,0.36086,1.80428
48 ,24208 ,0.36286,1.81430
49 ,24712 ,0.28041,1.40204
50 ,25217 ,0.36259,1.81297
51 ,25722 ,0.41400,2.06998
52 ,26226 ,0.39598,1.97989
53 ,26733 ,0.41219,2.06096
54 ,27237 ,0.30245,1.51223
55 ,27741 ,0.30219,1.51097
56 ,28246 ,0.32431,1.62154
57 ,28751 ,0.34461,1.72303
58 ,29255 ,0.33287,1.66436
59 ,29759 ,0.33149,1.65747
60 ,30264 ,0.31008,1.55041
61 ,30768 ,0.24867,1.24334
62 ,31273 ,0.22775,1.13875
63 ,31777 ,0.29568,1.47842
64 ,32281 ,0.27239,1.36197
65 ,32785 ,0.24122,1.20609
66 ,33290 ,0.23596,1.17979
67 ,33794 ,0.25461,1.27303
68 ,34300 ,0.22738,1.13688
69 ,34804 ,0.22557,1.12783
70 ,35308 ,0.22569,1.12846
71 ,35815 ,0.22651,1.13253
72 ,36320 ,0.24266,1.21329
73 ,36824 ,0.31188,1.55940
74 ,37329 ,0.24149,1.20745
75 ,37834 ,0.24429,1.22143
76 ,38338 ,0.23527,1.17635
77 ,38842 ,0.23327,1.16633
78 ,39347 ,0.23208,1.16039
79 ,39851 ,0.23418,1.17092
80 ,40356 ,0.23552,1.17760
81 ,40860 ,0.24403,1.22017
82 ,41364 ,0.24109,1.20546
83 ,41869 ,0.24191,1.20953
84 ,42374 ,0.23387,1.16935
85 ,42878 ,0.27060,1.35298
86 ,43384 ,0.60705,3.03526
87 ,43888 ,0.56727,2.83633
88 ,44392 ,0.47630,2.38150
89 ,44899 ,0.41100,2.05501
90 ,45403 ,0.36449,1.82243
91 ,45907 ,0.40057,2.00284
92 ,46411 ,0.41989,2.09946

muestra, tiempo ejecucion, sonda extra , sonda dut
1 ,505 ,0.34339,1.71695
2 ,1009 ,0.35347,1.76734
3 ,1514 ,0.25248,1.26241
4 ,2019 ,0.32106,1.60530
5 ,2524 ,0.36428,1.82140
6 ,3028 ,0.28755,1.43773
7 ,3532 ,0.31766,1.58829
8 ,4036 ,0.33519,1.67594
9 ,4540 ,0.32881,1.64403
10 ,5046 ,0.43192,2.15961
11 ,5550 ,0.52851,2.64256
12 ,6054 ,0.35541,1.77705
13 ,6558 ,0.39936,1.99679
14 ,7062 ,0.29299,1.46496
15 ,7568 ,0.34783,1.73917
16 ,8073 ,0.58625,2.93127
17 ,8577 ,0.54585,2.72927
18 ,9082 ,0.55909,2.79543
19 ,9586 ,0.55255,2.76276
20 ,10091 ,0.59775,2.98873
21 ,10595 ,0.69787,3.48933
22 ,11099 ,0.57816,2.89079
23 ,11603 ,0.63394,3.16970
24 ,12107 ,0.52695,2.63474
25 ,12611 ,0.64183,3.20914
26 ,13115 ,0.69824,3.49120
27 ,13620 ,0.59981,2.99904
28 ,14124 ,0.44756,2.23782
29 ,14628 ,0.43905,2.19525
30 ,15133 ,0.41244,2.06221
31 ,15637 ,0.41576,2.07880
32 ,16141 ,0.38608,1.93039
33 ,16649 ,0.38914,1.94569
34 ,17153 ,0.40362,2.01808
35 ,17657 ,0.38934,1.94671
36 ,18161 ,0.42715,2.13577
37 ,18667 ,0.38695,1.93477
38 ,19171 ,0.38720,1.93601
39 ,19675 ,0.38890,1.94451
40 ,20179 ,0.37838,1.89192
41 ,20683 ,0.39498,1.97488
42 ,21188 ,0.39166,1.95829
43 ,21692 ,0.38133,1.90666
44 ,22197 ,0.36790,1.83952
45 ,22701 ,0.36724,1.83621
46 ,23206 ,0.36042,1.80209
47 ,23710 ,0.34571,1.72853
48 ,24214 ,0.26864,1.34319
49 ,24718 ,0.35966,1.79830
50 ,25223 ,0.36780,1.83902
51 ,25729 ,0.32505,1.62523
52 ,26234 ,0.30526,1.52631
53 ,26738 ,0.32054,1.60269
54 ,27242 ,0.31190,1.55949
55 ,27746 ,0.30720,1.53598
56 ,28251 ,0.38346,1.91728
57 ,28755 ,0.30952,1.54760
58 ,29259 ,0.31052,1.55261
59 ,29763 ,0.36693,1.83464
60 ,30268 ,0.33724,1.68618
61 ,30773 ,0.28484,1.42418
62 ,31277 ,0.23508,1.17541
63 ,31782 ,0.23277,1.16383
64 ,32286 ,0.29888,1.49438
65 ,32790 ,0.24241,1.21203
66 ,33295 ,0.25429,1.27147
67 ,33799 ,0.22932,1.14661
68 ,34303 ,0.23477,1.17385
69 ,34808 ,0.26413,1.32065
70 ,35315 ,0.23389,1.16946
71 ,35819 ,0.23909,1.19544
72 ,36323 ,0.22944,1.14718
73 ,36828 ,0.23270,1.16352
74 ,37332 ,0.23865,1.19325
75 ,37837 ,0.22431,1.12157
76 ,38341 ,0.24691,1.23457
77 ,38845 ,0.27147,1.35735
78 ,39351 ,0.25710,1.28552
79 ,39855 ,0.23508,1.17541
80 ,40360 ,0.22832,1.14160
81 ,40864 ,0.25230,1.26149
82 ,41368 ,0.23402,1.17009
83 ,41873 ,0.24274,1.21370
84 ,42378 ,0.22850,1.14250
85 ,42883 ,0.23001,1.15006
86 ,43387 ,0.23684,1.18418
87 ,43891 ,0.25105,1.25523
88 ,44398 ,0.55468,2.77341
89 ,44902 ,0.46003,2.30014
90 ,45407 ,0.42580,2.12901
91 ,45912 ,0.39873,1.99366

muestra, tiempo ejecucion, sonda extra , sonda dut
1 ,505 ,0.38296,1.91478
2 ,1009 ,0.40612,2.03060
3 ,1513 ,0.36248,1.81242
4 ,2017 ,0.31994,1.59968
5 ,2521 ,0.38665,1.93325
6 ,3025 ,0.45821,2.29103
7 ,3529 ,0.31315,1.56575
8 ,4033 ,0.32411,1.62053
9 ,4537 ,0.31144,1.55721
10 ,5042 ,0.54915,2.74577
11 ,5547 ,0.44481,2.22405
12 ,6051 ,0.39066,1.95328
13 ,6555 ,0.38477,1.92385
14 ,7061 ,0.33437,1.67187
15 ,7566 ,0.44847,2.24237
16 ,8071 ,0.68044,3.40220
17 ,8576 ,0.58257,2.91285
18 ,9080 ,0.52469,2.62347
19 ,9584 ,0.53177,2.65884
20 ,10089 ,0.62791,3.13957
21 ,10593 ,0.59575,2.97874
22 ,11097 ,0.47730,2.38651
23 ,11601 ,0.44137,2.20683
24 ,12105 ,0.36380,1.81899
25 ,12609 ,0.62255,3.11273
26 ,13113 ,0.69012,3.45060
27 ,13619 ,0.54435,2.72173
28 ,14123 ,0.46841,2.34206
29 ,14627 ,0.42553,2.12764
30 ,15131 ,0.41063,2.05313
31 ,15635 ,0.40781,2.03905
32 ,16140 ,0.38939,1.94694
33 ,16648 ,0.38714,1.93570
34 ,17152 ,0.36624,1.83120
35 ,17656 ,0.36925,1.84623
36 ,18160 ,0.35748,1.78738
37 ,18664 ,0.36486,1.82431
38 ,19169 ,0.36522,1.82609
39 ,19673 ,0.36399,1.81993
40 ,20177 ,0.36148,1.80741
41 ,20681 ,0.37031,1.85155
42 ,21185 ,0.35697,1.78487
43 ,21690 ,0.36784,1.83921
44 ,22195 ,0.36091,1.80454
45 ,22699 ,0.36311,1.81555
46 ,23203 ,0.37951,1.89756
47 ,23707 ,0.35704,1.78518
48 ,24212 ,0.25887,1.29436
49 ,24716 ,0.37402,1.87012
50 ,25221 ,0.32406,1.62029
51 ,25728 ,0.37626,1.88128
52 ,26232 ,0.30357,1.51786
53 ,26736 ,0.31922,1.59612
54 ,27241 ,0.28704,1.43522
55 ,27745 ,0.33424,1.67119
56 ,28249 ,0.40487,2.02434
57 ,28753 ,0.37050,1.85248
58 ,29257 ,0.37651,1.88253
59 ,29762 ,0.31021,1.55104
60 ,30266 ,0.30276,1.51380
61 ,30772 ,0.29664,1.48320
62 ,31276 ,0.30038,1.50190
63 ,31780 ,0.30151,1.50753
64 ,32284 ,0.29500,1.47498
65 ,32789 ,0.23790,1.18950
66 ,33293 ,0.24973,1.24867
67 ,33798 ,0.28902,1.44510
68 ,34303 ,0.24598,1.22988
69 ,34809 ,0.23540,1.17698
70 ,35314 ,0.23715,1.18574
71 ,35818 ,0.23258,1.16289
72 ,36323 ,0.23218,1.16092
73 ,36828 ,0.24368,1.21838
74 ,37332 ,0.24773,1.23864
75 ,37837 ,0.23471,1.17353
76 ,38341 ,0.23571,1.17854
77 ,38846 ,0.23452,1.17259
78 ,39350 ,0.23050,1.15249
79 ,39855 ,0.23408,1.17040
80 ,40359 ,0.23402,1.17009
81 ,40863 ,0.22688,1.13440
82 ,41368 ,0.22532,1.12658
83 ,41873 ,0.22844,1.14218
84 ,42378 ,0.22738,1.13688
85 ,42882 ,0.23552,1.17760
86 ,43386 ,0.25299,1.26494
87 ,43891 ,0.24184,1.20922
88 ,44397 ,0.26150,1.30751
89 ,44901 ,0.56977,2.84883
90 ,45407 ,0.46421,2.32106
91 ,45911 ,0.42008,2.10040
92 ,46415 ,0.42421,2.12106
93 ,46919 ,0.35685,1.78425
94 ,47423 ,0.37839,1.89193

muestra, tiempo ejecucion, sonda extra , sonda dut
1 ,505 ,0.40224,2.01119
2 ,1010 ,0.42287,2.11433
3 ,1515 ,0.33742,1.68712
4 ,2019 ,0.32443,1.62217
5 ,2523 ,0.36442,1.82212
6 ,3027 ,0.32141,1.60707
7 ,3531 ,0.29531,1.47654
8 ,4035 ,0.29362,1.46809
9 ,4539 ,0.30807,1.54035
10 ,5043 ,0.46146,2.30731
11 ,5550 ,0.53164,2.65822
12 ,6054 ,0.35785,1.78925
13 ,6558 ,0.37469,1.87346
14 ,7062 ,0.28855,1.44273
15 ,7567 ,0.39339,1.96693
16 ,8072 ,0.62335,3.11677
17 ,8576 ,0.58636,2.93180
18 ,9080 ,0.45345,2.26724
19 ,9584 ,0.47236,2.36178
20 ,10088 ,0.51999,2.59994
21 ,10593 ,0.54422,2.72110
22 ,11098 ,0.47868,2.39339
23 ,11602 ,0.43742,2.18711
24 ,12106 ,0.44694,2.23469
25 ,12611 ,0.61711,3.08554
26 ,13115 ,0.73471,3.67357
27 ,13619 ,0.60339,3.01694
28 ,14123 ,0.43266,2.16332
29 ,14630 ,0.42615,2.13076
30 ,15134 ,0.40662,2.03310
31 ,15638 ,0.39109,1.95547
32 ,16142 ,0.38139,1.90697
33 ,16647 ,0.36856,1.84278
34 ,17151 ,0.37206,1.86031
35 ,17655 ,0.40336,2.01682
36 ,18159 ,0.38051,1.90257
37 ,18663 ,0.37028,1.85138
38 ,19169 ,0.36291,1.81453
39 ,19673 ,0.36893,1.84466
40 ,20177 ,0.36768,1.83840
41 ,20681 ,0.36518,1.82588
42 ,21185 ,0.36255,1.81273
43 ,21690 ,0.36309,1.81547
44 ,22194 ,0.37244,1.86219
45 ,22698 ,0.36411,1.82056
46 ,23202 ,0.37156,1.85781
47 ,23709 ,0.34514,1.72571
48 ,24214 ,0.26685,1.33424
49 ,24719 ,0.36634,1.83171
50 ,25223 ,0.36868,1.84341
51 ,25727 ,0.31171,1.55855
52 ,26231 ,0.30990,1.54948
53 ,26736 ,0.32423,1.62116
54 ,27240 ,0.30645,1.53223
55 ,27746 ,0.29664,1.48320
56 ,28250 ,0.28160,1.40799
57 ,28754 ,0.28786,1.43929
58 ,29258 ,0.30633,1.53163
59 ,29763 ,0.28216,1.41081
60 ,30267 ,0.30095,1.50475
61 ,30771 ,0.26851,1.34257
62 ,31275 ,0.23715,1.18574
63 ,31780 ,0.28391,1.41957
64 ,32284 ,0.25418,1.27088
65 ,32790 ,0.23256,1.16279
66 ,33296 ,0.24774,1.23868
67 ,33802 ,0.22894,1.14468
68 ,34306 ,0.23277,1.16383
69 ,34811 ,0.23396,1.16978
70 ,35315 ,0.22876,1.14380
71 ,35819 ,0.23464,1.17322
72 ,36323 ,0.23834,1.19169
73 ,36827 ,0.23045,1.15225
74 ,37331 ,0.25850,1.29248
75 ,37836 ,0.24529,1.22643
76 ,38340 ,0.23064,1.15319
77 ,38845 ,0.23044,1.15218
78 ,39350 ,0.23156,1.15780
79 ,39855 ,0.23859,1.19294
80 ,40359 ,0.23984,1.19920
81 ,40863 ,0.24084,1.20421
82 ,41368 ,0.23690,1.18449
83 ,41872 ,0.23187,1.15936
84 ,42380 ,0.47140,2.35698
85 ,42884 ,0.44994,2.24971
86 ,43388 ,0.42046,2.10228
87 ,43892 ,0.38327,1.91634

muestra, tiempo ejecucion, sonda extra , sonda dut
1 ,505 ,0.31415,1.57076
2 ,1009 ,0.34527,1.72633
3 ,1513 ,0.28890,1.44448
4 ,2017 ,0.32893,1.64464
5 ,2521 ,0.32329,1.61646
6 ,3025 ,0.32054,1.60269
7 ,3529 ,0.27803,1.39014
8 ,4033 ,0.31794,1.58969
9 ,4539 ,0.33774,1.68868
10 ,5044 ,0.59256,2.96281
11 ,5548 ,0.41488,2.07442
12 ,6052 ,0.38008,1.90038
13 ,6556 ,0.30933,1.54666
14 ,7063 ,0.26116,1.30582
15 ,7568 ,0.40975,2.04875
16 ,8072 ,0.55355,2.76777
17 ,8576 ,0.57666,2.88328
18 ,9080 ,0.58705,2.93524
19 ,9584 ,0.57553,2.87765
20 ,10088 ,0.76419,3.82097
21 ,10593 ,0.72497,3.62486
22 ,11097 ,0.60934,3.04668
23 ,11601 ,0.49452,2.47259
24 ,12105 ,0.50122,2.50608
25 ,12609 ,0.69199,3.45997
26 ,13114 ,0.63884,3.19422
27 ,13618 ,0.61923,3.09614
28 ,14122 ,0.52469,2.62347
29 ,14626 ,0.44731,2.23657
30 ,15132 ,0.42355,2.11776
31 ,15636 ,0.41400,2.06999
32 ,16140 ,0.37475,1.87377
33 ,16647 ,0.36624,1.83120
34 ,17151 ,0.36674,1.83370
35 ,17655 ,0.40781,2.03905
36 ,18160 ,0.38046,1.90229
37 ,18665 ,0.36765,1.83827
38 ,19169 ,0.36148,1.80741
39 ,19673 ,0.35604,1.78018
40 ,20177 ,0.36762,1.83809
41 ,20681 ,0.38408,1.92041
42 ,21186 ,0.36872,1.84358
43 ,21691 ,0.36116,1.80579
44 ,22195 ,0.36524,1.82619
45 ,22699 ,0.36392,1.81962
46 ,23204 ,0.36774,1.83871
47 ,23708 ,0.36205,1.81023
48 ,24212 ,0.35291,1.76457
49 ,24716 ,0.26689,1.33443
50 ,25221 ,0.36718,1.83589
51 ,25727 ,0.34646,1.73228
52 ,26232 ,0.31985,1.59925
53 ,26736 ,0.36104,1.80522
54 ,27240 ,0.34098,1.70492
55 ,27744 ,0.26075,1.30375
56 ,28249 ,0.22031,1.10154
57 ,28753 ,0.22694,1.13472
58 ,29257 ,0.22694,1.13472
59 ,29761 ,0.22325,1.11625
60 ,30266 ,0.24080,1.20402
61 ,30770 ,0.36593,1.82963
62 ,31275 ,0.26081,1.30406
63 ,31779 ,0.23859,1.19294
64 ,32283 ,0.24723,1.23614
65 ,32787 ,0.24798,1.23989
66 ,33291 ,0.23971,1.19857
67 ,33795 ,0.22895,1.14473
68 ,34300 ,0.22945,1.14724
69 ,34807 ,0.23007,1.15037
70 ,35312 ,0.23050,1.15249
71 ,35816 ,0.25804,1.29021
72 ,36321 ,0.22907,1.14536
73 ,36825 ,0.23007,1.15037
74 ,37330 ,0.23408,1.17040
75 ,37834 ,0.24710,1.23551
76 ,38338 ,0.23375,1.16873
77 ,38844 ,0.22800,1.14000
78 ,39348 ,0.23145,1.15726
79 ,39852 ,0.23051,1.15256
80 ,40357 ,0.23677,1.18386
81 ,40861 ,0.37000,1.84998
82 ,41365 ,0.45765,2.28827
83 ,41869 ,0.45332,2.26662
84 ,42374 ,0.42202,2.11011
85 ,42879 ,0.36697,1.83483

muestra, tiempo ejecucion, sonda extra , sonda dut
1 ,508 ,0.33719,1.68595
2 ,1013 ,0.33180,1.65902
3 ,1517 ,0.33212,1.66060
4 ,2021 ,0.33081,1.65403
5 ,2525 ,0.33555,1.67775
6 ,3029 ,0.42190,2.10948
7 ,3533 ,0.35084,1.75419
8 ,4037 ,0.35259,1.76296
9 ,4541 ,0.38959,1.94796
10 ,5045 ,0.56502,2.82510
11 ,5550 ,0.59725,2.98624
12 ,6054 ,0.36618,1.83089
13 ,6558 ,0.36223,1.81116
14 ,7062 ,0.29906,1.49532
15 ,7568 ,0.39120,1.95600
16 ,8071 ,0.61005,3.05025
17 ,8575 ,0.56977,2.84885
18 ,9080 ,0.52657,2.63286
19 ,9584 ,0.53383,2.66917
20 ,10090 ,0.64609,3.23043
21 ,10594 ,0.67832,3.39158
22 ,11099 ,0.58588,2.92940
23 ,11603 ,0.53984,2.69922
24 ,12107 ,0.44331,2.21653
25 ,12611 ,0.64677,3.23387
26 ,13115 ,0.65867,3.29334
27 ,13619 ,0.72185,3.60925
28 ,14123 ,0.50860,2.54302
29 ,14627 ,0.44800,2.24001
30 ,15132 ,0.38659,1.93293
31 ,15637 ,0.39432,1.97162
32 ,16141 ,0.36565,1.82827
33 ,16647 ,0.36391,1.81953
34 ,17151 ,0.36799,1.83996
35 ,17655 ,0.37025,1.85123
36 ,18159 ,0.37319,1.86595
37 ,18663 ,0.36824,1.84122
38 ,19170 ,0.35878,1.79392
39 ,19675 ,0.35966,1.79830
40 ,20179 ,0.36580,1.82901
41 ,20684 ,0.37175,1.85874
42 ,21189 ,0.37178,1.85888
43 ,21693 ,0.37313,1.86563
44 ,22197 ,0.36878,1.84389
45 ,22703 ,0.36434,1.82172
46 ,23207 ,0.36755,1.83777
47 ,23711 ,0.36680,1.83402
48 ,24215 ,0.36355,1.81774
49 ,24719 ,0.31008,1.55042
50 ,25224 ,0.33049,1.65246
51 ,25728 ,0.33256,1.66279
52 ,26232 ,0.32674,1.63368
53 ,26736 ,0.35165,1.75826
54 ,27241 ,0.31215,1.56074
55 ,27745 ,0.29114,1.45572
56 ,28250 ,0.30495,1.52473
57 ,28757 ,0.32098,1.60488
58 ,29262 ,0.36029,1.80146
59 ,29766 ,0.25806,1.29029
60 ,30270 ,0.23283,1.16414
61 ,30774 ,0.29820,1.49101
62 ,31280 ,0.25198,1.25992
63 ,31784 ,0.22957,1.14786
64 ,32289 ,0.23389,1.16946
65 ,32793 ,0.24704,1.23520
66 ,33297 ,0.24673,1.23363
67 ,33801 ,0.24904,1.24522
68 ,34305 ,0.23226,1.16132
69 ,34809 ,0.23064,1.15319
70 ,35314 ,0.23239,1.16195
71 ,35818 ,0.23158,1.15788
72 ,36324 ,0.23287,1.16436
73 ,36828 ,0.24274,1.21370
74 ,37333 ,0.23396,1.16978
75 ,37839 ,0.23514,1.17572
76 ,38344 ,0.24034,1.20170
77 ,38848 ,0.23696,1.18480
78 ,39354 ,0.23930,1.19652
79 ,39858 ,0.24174,1.20870
80 ,40362 ,0.23464,1.17322
81 ,40867 ,0.22901,1.14505
82 ,41371 ,0.26620,1.33098
83 ,41875 ,0.51593,2.57965
84 ,42380 ,0.42730,2.13650
85 ,42885 ,0.47058,2.35292
86 ,43389 ,0.38458,1.92292
87 ,43893 ,0.33093,1.65465
88 ,44397 ,0.38834,1.94170
89 ,44901 ,0.44456,2.22280
90 ,45405 ,0.43292,2.16461

muestra, tiempo ejecucion, sonda extra , sonda dut
1 ,508 ,0.30777,1.53883
2 ,1012 ,0.32354,1.61771
3 ,1516 ,0.32880,1.64401
4 ,2020 ,0.31716,1.58579
5 ,2524 ,0.35017,1.75083
6 ,3028 ,0.36536,1.82682
7 ,3532 ,0.34201,1.71006
8 ,4036 ,0.32899,1.64495
9 ,4540 ,0.29105,1.45526
10 ,5044 ,0.48701,2.43505
11 ,5550 ,0.51362,2.56808
12 ,6054 ,0.34433,1.72164
13 ,6558 ,0.33976,1.69879
14 ,7062 ,0.30288,1.51442
15 ,7566 ,0.34821,1.74105
16 ,8070 ,0.62698,3.13488
17 ,8574 ,0.60614,3.03072
18 ,9078 ,0.50848,2.54239
19 ,9582 ,0.53014,2.65070
20 ,10086 ,0.54642,2.73209
21 ,10593 ,0.64796,3.23981
22 ,11098 ,0.51312,2.56558
23 ,11602 ,0.54160,2.70799
24 ,12106 ,0.56119,2.80596
25 ,12610 ,0.61416,3.07078
26 ,13114 ,0.67013,3.35063
27 ,13618 ,0.55465,2.77325
28 ,14122 ,0.42584,2.12920
29 ,14627 ,0.43254,2.16269
30 ,15131 ,0.41119,2.05595
31 ,15635 ,0.44093,2.20464
32 ,16139 ,0.38589,1.92946
33 ,16645 ,0.38527,1.92633
34 ,17149 ,0.38621,1.93105
35 ,17653 ,0.39629,1.98145
36 ,18157 ,0.39879,1.99397
37 ,18661 ,0.38490,1.92448
38 ,19166 ,0.38477,1.92383
39 ,19673 ,0.38208,1.91041
40 ,20178 ,0.38239,1.91196
41 ,20683 ,0.42080,2.10402
42 ,21187 ,0.41463,2.07317
43 ,21691 ,0.41595,2.07974
44 ,22195 ,0.36859,1.84295
45 ,22701 ,0.37115,1.85576
46 ,23205 ,0.36906,1.84528
47 ,23709 ,0.29719,1.48593
48 ,24213 ,0.35647,1.78237
49 ,24718 ,0.32304,1.61521
50 ,25222 ,0.29820,1.49101
51 ,25726 ,0.32949,1.64745
52 ,26230 ,0.31390,1.56951
53 ,26735 ,0.29687,1.48437
54 ,27239 ,0.31190,1.55949
55 ,27743 ,0.29545,1.47727
56 ,28249 ,0.32899,1.64496
57 ,28755 ,0.31334,1.56669
58 ,29259 ,0.41902,2.09508
59 ,29763 ,0.39754,1.98771
60 ,30268 ,0.39930,1.99648
61 ,30772 ,0.25517,1.27584
62 ,31278 ,0.24093,1.20464
63 ,31782 ,0.28241,1.41206
64 ,32286 ,0.27502,1.37512
65 ,32790 ,0.29725,1.48625
66 ,33294 ,0.31540,1.57702
67 ,33799 ,0.31188,1.55940
68 ,34303 ,0.28254,1.41268
69 ,34807 ,0.24860,1.24302
70 ,35312 ,0.23671,1.18355
71 ,35816 ,0.23458,1.17291
72 ,36320 ,0.23193,1.15967
73 ,36825 ,0.24810,1.24052
74 ,37329 ,0.25055,1.25273
75 ,37836 ,0.24022,1.20108
76 ,38340 ,0.23089,1.15444
77 ,38845 ,0.23233,1.16164
78 ,39349 ,0.23362,1.16810
79 ,39855 ,0.24443,1.22213
80 ,40359 ,0.25036,1.25179
81 ,40863 ,0.24134,1.20671
82 ,41368 ,0.24598,1.22988
83 ,41872 ,0.24441,1.22205
84 ,42376 ,0.23281,1.16404
85 ,42882 ,0.47352,2.36759
86 ,43386 ,0.44882,2.24408
87 ,43890 ,0.43016,2.15080
88 ,44394 ,0.43417,2.17083

muestra, tiempo ejecucion, sonda extra , sonda dut
1 ,505 ,0.39041,1.95203
2 ,1009 ,0.34308,1.71538
3 ,1513 ,0.30894,1.54472
4 ,2020 ,0.32487,1.62435
5 ,2524 ,0.35854,1.79270
6 ,3028 ,0.39028,1.95140
7 ,3532 ,0.34308,1.71538
8 ,4036 ,0.34771,1.73854
9 ,4540 ,0.36909,1.84545
10 ,5044 ,0.42002,2.10009
11 ,5548 ,0.55193,2.75964
12 ,6052 ,0.43711,2.18554
13 ,6557 ,0.45382,2.26912
14 ,7061 ,0.34386,1.71929
15 ,7566 ,0.35672,1.78362
16 ,8070 ,0.60915,3.04574
17 ,8574 ,0.62073,3.10365
18 ,9078 ,0.51831,2.59154
19 ,9582 ,0.51411,2.57057
20 ,10086 ,0.53991,2.69956
21 ,10590 ,0.65798,3.28990
22 ,11094 ,0.59969,2.99847
23 ,11601 ,0.56795,2.83977
24 ,12105 ,0.57853,2.89267
25 ,12610 ,0.64534,3.22669
26 ,13115 ,0.70728,3.53640
27 ,13619 ,0.65322,3.26611
28 ,14123 ,0.60602,3.03009
29 ,14627 ,0.56370,2.81848
30 ,15131 ,0.51537,2.57683
31 ,15635 ,0.46096,2.30482
32 ,16141 ,0.37908,1.89542
33 ,16645 ,0.36749,1.83746
34 ,17149 ,0.36887,1.84435
35 ,17653 ,0.36123,1.80616
36 ,18157 ,0.36173,1.80866
37 ,18662 ,0.37296,1.86481
38 ,19167 ,0.36172,1.80860
39 ,19671 ,0.36611,1.83057
40 ,20175 ,0.36887,1.84435
41 ,20682 ,0.37094,1.85468
42 ,21186 ,0.36374,1.81868
43 ,21690 ,0.36772,1.83858
44 ,22195 ,0.36298,1.81492
45 ,22699 ,0.36774,1.83871
46 ,23203 ,0.35860,1.79301
47 ,23707 ,0.36217,1.81085
48 ,24212 ,0.36303,1.81516
49 ,24717 ,0.28196,1.40981
50 ,25221 ,0.34414,1.72070
51 ,25725 ,0.32830,1.64151
52 ,26230 ,0.33494,1.67469
53 ,26734 ,0.31972,1.59862
54 ,27238 ,0.33824,1.69118
55 ,27742 ,0.38471,1.92354
56 ,28247 ,0.41513,2.07567
57 ,28751 ,0.40531,2.02653
58 ,29255 ,0.30570,1.52850
59 ,29759 ,0.31969,1.59843
60 ,30267 ,0.28852,1.44260
61 ,30772 ,0.27941,1.39703
62 ,31276 ,0.28335,1.41675
63 ,31780 ,0.25111,1.25555
64 ,32285 ,0.27571,1.37856
65 ,32789 ,0.29420,1.47102
66 ,33294 ,0.26360,1.31800
67 ,33799 ,0.23377,1.16884
68 ,34303 ,0.24829,1.24146
69 ,34807 ,0.23727,1.18637
70 ,35312 ,0.23934,1.19670
71 ,35816 ,0.23175,1.15874
72 ,36322 ,0.23162,1.15811
73 ,36826 ,0.23452,1.17259
74 ,37330 ,0.23608,1.18042
75 ,37835 ,0.23446,1.17228
76 ,38339 ,0.24979,1.24897
77 ,38843 ,0.25042,1.25211
78 ,39351 ,0.25292,1.26460
79 ,39856 ,0.25875,1.29373
80 ,40360 ,0.23101,1.15506
81 ,40865 ,0.22832,1.14160
82 ,41369 ,0.23114,1.15569
83 ,41873 ,0.23756,1.18778
84 ,42378 ,0.23320,1.16602
85 ,42882 ,0.24197,1.20984
86 ,43386 ,0.23314,1.16571
87 ,43890 ,0.22996,1.14981
88 ,44394 ,0.23756,1.18778
89 ,44899 ,0.51137,2.55684
90 ,45404 ,0.51198,2.55992
91 ,45908 ,0.44882,2.24408
92 ,46412 ,0.38577,1.92886

muestra, tiempo ejecucion, sonda extra , sonda dut
1 ,505 ,0.33012,1.65058
2 ,1012 ,0.34910,1.74552
3 ,1516 ,0.28542,1.42708
4 ,2020 ,0.37757,1.88786
5 ,2525 ,0.33605,1.68025
6 ,3029 ,0.27671,1.38357
7 ,3533 ,0.31209,1.56043
8 ,4037 ,0.32642,1.63211
9 ,4541 ,0.27346,1.36729
10 ,5045 ,0.53323,2.66614
11 ,5550 ,0.48282,2.41412
12 ,6054 ,0.42540,2.12701
13 ,6558 ,0.38076,1.90382
14 ,7063 ,0.30683,1.53414
15 ,7568 ,0.48214,2.41069
16 ,8072 ,0.67276,3.36379
17 ,8576 ,0.54830,2.74148
18 ,9080 ,0.53214,2.66072
19 ,9584 ,0.51912,2.59561
20 ,10088 ,0.66418,3.32089
21 ,10592 ,0.64028,3.20140
22 ,11100 ,0.59875,2.99373
23 ,11604 ,0.57396,2.86982
24 ,12108 ,0.49940,2.49701
25 ,12612 ,0.67182,3.35908
26 ,13116 ,0.66537,3.32684
27 ,13620 ,0.62367,3.11833
28 ,14124 ,0.57722,2.88610
29 ,14628 ,0.55762,2.78812
30 ,15132 ,0.45777,2.28884
31 ,15636 ,0.46447,2.32234
32 ,16141 ,0.47508,2.37540
33 ,16646 ,0.46321,2.31607
34 ,17150 ,0.40462,2.02308
35 ,17654 ,0.36549,1.82744
36 ,18158 ,0.36824,1.84121
37 ,18662 ,0.36430,1.82150
38 ,19167 ,0.38558,1.92789
39 ,19672 ,0.36928,1.84639
40 ,20179 ,0.38515,1.92573
41 ,20683 ,0.39742,1.98709
42 ,21187 ,0.37676,1.88379
43 ,21691 ,0.36680,1.83402
44 ,22196 ,0.36309,1.81547
45 ,22700 ,0.37181,1.85906
46 ,23204 ,0.37381,1.86907
47 ,23708 ,0.37494,1.87471
48 ,24212 ,0.34646,1.73228
49 ,24717 ,0.34205,1.71023
50 ,25222 ,0.31113,1.55565
51 ,25726 ,0.30032,1.50158
52 ,26230 ,0.31703,1.58516
53 ,26735 ,0.29838,1.49188
54 ,27239 ,0.31252,1.56262
55 ,27743 ,0.35641,1.78206
56 ,28249 ,0.30613,1.53067
57 ,28753 ,0.32617,1.63086
58 ,29260 ,0.30464,1.52318
59 ,29764 ,0.33619,1.68095
60 ,30268 ,0.33318,1.66592
61 ,30772 ,0.28615,1.43074
62 ,31277 ,0.25236,1.26181
63 ,31781 ,0.23640,1.18198
64 ,32285 ,0.30226,1.51129
65 ,32790 ,0.33826,1.69128
66 ,33295 ,0.25286,1.26429
67 ,33799 ,0.24336,1.21682
68 ,34304 ,0.23439,1.17197
69 ,34808 ,0.23615,1.18073
70 ,35313 ,0.23865,1.19325
71 ,35817 ,0.25111,1.25555
72 ,36321 ,0.25386,1.26928
73 ,36827 ,0.23493,1.17466
74 ,37331 ,0.23414,1.17072
75 ,37836 ,0.25017,1.25085
76 ,38343 ,0.23414,1.17072
77 ,38847 ,0.26175,1.30876
78 ,39351 ,0.25342,1.26710
79 ,39857 ,0.23356,1.16779
80 ,40361 ,0.26219,1.31095
81 ,40865 ,0.23903,1.19513
82 ,41370 ,0.23884,1.19419
83 ,41874 ,0.23896,1.19482
84 ,42379 ,0.23624,1.18122
85 ,42884 ,0.23468,1.17341
86 ,43388 ,0.32160,1.60801
87 ,43893 ,0.49740,2.48699
88 ,44398 ,0.44260,2.21301
89 ,44902 ,0.38152,1.90758
90 ,45406 ,0.39351,1.96755
